J series last block 4
Jantek J series

016101
03 | FF942050 | 11111111100101000010000001010000
04 | 06F28CA0 | 00000110111100101000110010100000

111111111
00101 2
00001 0
00000 0
01010 5
00000 0
00011 1
01111 7
00101 2
00011 1
00101 2
00000 0 parity 4 pass
2005017212

016102
03 | FF942050 | 11111111100101000010000001010000
04 | 06F28CC2 | 00000110111100101000110011000010

111111111
00101 2
00001 0
00000 0
01010 5
00000 0
00011 1
01111 7
00101 2
00011 1
00110 3
00010 1
2005017213

016103
03 | FF942050 | 11111111100101000010000001010000
04 | 06F28D2C | 00000110111100101000110100101100

111111111
00101 2
00001 0
00000 0
01010 5
00000 0
00011 1
01111 7
00101 2
00011 1
01001 4
01100 6
2005017214

016104
03 | FF942050 | 11111111100101000010000001010000
04 | 06F28D4E | 00000110111100101000110101001110

111111111
00101 2
00001 0
00000 0
01010 5
00000 0
00011 1
01111 7
00101 2
00011 1
01010 5
01110 7
2005017215

016105
03 | FF942050 | 11111111100101000010000001010000
04 | 06F28D88 | 00000110111100101000110110001000

111111111
00101 2
00001 0
00000 0
01010 5
00000 0
00011 1
01111 7
00101 2
00011 1
01100 6
01000 4
2005017216

016106
03 | FF942050 | 11111111100101000010000001010000
04 | 06F28DEA | 00000110111100101000110111101010

111111111
00101 2
00001 0
00000 0
01010 5
00000 0
00011 1
01111 7
00101 2
00011 1
01111 7
01010 5
2005017217

016107
03 | FF942050 | 11111111100101000010000001010000
04 | 06F28E34 | 00000110111100101000111000110100

111111111
00101 2
00001 0
00000 0
01010 5
00000 0
00011 1
01111 7
00101 2
00011 1
10001 8
10100 A
2005017218

016108
03 | FF942050 | 11111111100101000010000001010000
04 | 06F28E56 | 00000110111100101000111001010110

111111111
00101 2
00001 0
00000 0
01010 5
00000 0
00011 1
01111 7
00101 2
00011 1
10010 9
10110 B

016109
03 | FF942050 | 11111111100101000010000001010000
04 | 06F28E90 | 00000110111100101000111010010000

111111111
00101 2
00001 0
00000 0
01010 5
00000 0
00011 1
01111 7
00101 2
00011 1
10100 A
10000 8

016110
03 | FF942050 | 11111111100101000010000001010000
04 | 06F29460 | 00000110111100101001010001100000

111111111
00101 2
00001 0
00000 0
01010 5
00000 0
00011 1
01111 7
00101 2
00101 2
00011 1
00000 0
2005017221
017221
016110
001111
249671
03 | FF942051 | 11111111100101000010000010100001
04 | 5347C4AC | 01010011010001111100010010101100

111111111
00101 2
00001 0
00000 0
10100 A
00101 2
01001 4
10100 6
01111 7
10001 8
00101 2
01100 6
200A
246782
249671
00X111
why minus 3?